-424.46594
-514.72168
-532.67212
-435.64148
-440.55328
-449.18823
-547.40448
-469.50989
-425.48218
-526.57471
-511.6745
-535.04181
-434.96399
-468.32428
-548.58856
-453.42255
-474.08142
-425.14343
-523.35815
-523.6969
-430.05371
-484.57947
-461.88965
-549.77417
-461.04279
-430.22308
-530.80902
-507.60956
-528.09906
-432.76367
-481.02417
-549.94354
-448.84949
-438.35144
-427.6825
-530.97839
-515.2298
-429.54559
-495.24841
-545.88013
-550.62103
-455.28564
-437.67395
-539.61487
-498.29559
-427.1759
-432.76367
-491.69159
-549.77417
-448.00415
-446.98792
-547.40448
-536.39679
-504.56238
-428.8681
-508.28705
-540.46021
-440.72266
-449.01886
-442.7536
-545.20264
-484.74884
-426.49841
-520.47882
-501.68304
-543.00079
-441.73737
-457.14722
-552.14539
-467.98553
-491.69159
-424.80469
-514.89105
-534.53369
-434.79462
-473.74268
-449.18823
-549.09668
-472.3877
-427.6825
-528.43781
-520.98694
-536.22742
-437.33521
-469.00177
-550.79041
-454.77753
-434.4574
-424.1272
-525.22125
-527.08282
-431.06995
-486.78131
-550.11292
-551.29852
-463.2431
-432.25555
-533.68683
-511.50513
-427.85187
-435.81085
-482.37915
-550.95978
-451.55945
-440.04517
-543.33954
-532.84149
-518.2785
-430.7312
-498.80371
-548.41919
-447.66541
-457.14722
-439.70642
-540.62958
-499.14246
-428.8681
-521.32568
-445.29419
-446.81854
-535.7193
-540.46021
-533.01086
-425.65155
-452.23694
-554.85382
-417.69257
-538.42926
-483.73413
-453.59192
-488.64441
-520.81757
-432.08618
-561.28998
-429.20685
-495.07904
-546.0495
-467.98553
-458.5022
-545.20264
-418.53943
-549.6048
-562.13531
-423.44971
-511.6745
-509.13391
-443.76984
-562.30469
-540.29236
-423.44971
-559.59625
-451.05133
-473.40393
-536.90491
-497.28088
-451.55945
-558.41064
-420.06378
-532.50275
-489.99939
-439.36768
-482.7179
-526.91345
-427.85187
-562.47406
-433.77991
-417.01508
-542.15393
-475.60577
-455.11627
-549.43542
-416.33759
-435.47211
-563.32092
-426.66779
-503.54614
-514.38293
-440.04517
-464.93683
-545.54138
-419.72504
-555.53131
-460.3653
-469.84711
-518.2785
-504.73175
-449.18823
-560.78186
-421.75598
-524.71313
-561.12061
-445.80231
-476.28326
-535.04181
-426.66779
-560.78186
-555.87006
-419.72504
-535.38055
-486.95068
-450.37384
-554.17786
-525.89874
-429.88434
-561.12061
-433.10242
-492.03033
-522.00317
-477.29797
-459.51843
-551.12915
-419.21692
-552.6535
-469.34052
-426.83716
-508.11768
-512.35046
-444.10858
-562.30469
-424.63531
-423.28033
-558.0719
-457.48596
-472.72644
-540.96832
-424.29657
-449.3576
-560.44312
-420.90912
-528.60718
-494.40155
-450.54321
-478.31421
-531.31714
-426.49841
-560.27374
-437.16583
-483.56476
-538.93738
-481.02417
-455.96161
-554.51508
-419.38629
-545.71075
-565.01465
-430.7312
-499.98932
-518.44788
-441.40015
-566.20026
-465.44495
-554.68445
-469.50989
-434.62524
-538.42926
-517.0929
-538.76801
-440.21454
-483.39539
-555.19257
-456.97784
-443.60046
-433.44116
-534.02557
-521.49506
-433.77991
-501.00555
-549.09668
-555.87006
-458.84094
-441.56952
-542.49268
-500.49744
-428.69873
-434.28802
-491.52222
-552.14539
-446.81854
-447.32666
-549.09668
-538.09052
-507.9483
-428.8681
-508.62579
-545.20264
-441.73737
-450.0351
-444.27795
-547.57233
-488.30566
-428.69873
-521.66443
-502.86865
-546.72699
-445.12482
-458.5022
-554.00848
-471.87958
-494.40155
-428.19061
-519.63196
-539.4455
-441.56952
-478.48358
-453.93066
-556.03943
-479.16107
-431.74744
-533.51746
-527.42157
-544.35577
-443.26172
-474.25079
-556.71692
-464.25934
-438.18207
-432.25555
-530.97839
-534.02557
-439.1983
-491.0141
-555.02319
-556.71692
-469.50989
-436.99646
-537.5824
-515.90729
-432.08618
-440.55328
-484.91821
-556.88629
-456.6391
-443.93921
-545.37201
-535.7193
-521.66443
-432.76367
-499.31183
-548.75793
-448.3429
-457.14722
-438.85956
-541.81519
-501.00555
-428.69873
-513.70544
-494.90967
-551.12915
-446.81854
-448.17352
-550.28229
-483.22601
-506.25458
-428.35999
-508.28705
-543.84766
-443.09235
-464.93683
-444.78607
-547.57233
-489.49127
-428.02124
-523.86627
-535.04181
-548.08044
-445.29419
-459.51843
-553.50037
-475.26703
-431.40869
-430.22308
-521.15631
-541.64581
-443.76984
-477.80609
-558.0719
-552.99225
-480.34668
-445.80231
-516.41541
-518.10913
-456.97784
-459.51843
-475.4364
-533.51746
-482.54852
-450.54321
-524.03564
-513.53607
-520.81757
-457.14722
-482.37915
-533.8562
-470.35522
-486.10382
-446.4798
-521.49506
-513.02795
-449.86572
-490.84625
-477.1286
-534.53369
-475.4364
-453.25317
-523.52753
-503.37677
-515.73792
-452.40631
-487.62817
-533.18024
-465.27557
-461.72028
-450.71259
-524.03564
-507.10144
-446.64917
-499.31183
-530.3009
-535.04181
-467.64679
-460.3653
-525.05188
-500.15869
-445.29419
-451.39008
-494.90967
-531.82526
-462.56714
-470.69397
-533.68683
-526.74408
-506.59332
-448.68011
-507.44019
-527.08282
-459.51843
-465.95306
-466.46118
-530.97839
-494.90967
-448.51227
-519.29321
-504.05426
-528.60718
-461.38153
-476.28326
-535.38055
-481.36292
-495.75653
-446.14105
-515.06042
-519.80133
-454.60815
-483.56476
-471.20209
-533.68683
-483.73413
-447.83478
-521.32568
-510.99701
-522.51129
-457.82471
-480.51605
-534.36432
-471.71021
-453.25317
-442.7536
-518.44788
-513.87482
-450.0351
-487.28943
-532.84149
-533.34808
-474.75891
-449.52698
-522.85004
-503.71552
-442.92297
-451.72882
-485.5957
-532.33337
-463.58185
-461.04279
-529.96216
-523.35815
-508.11768
-448.68011
-499.65057
-529.45404
-459.01031
-469.34052
-459.34906
-527.2522
-499.31183
-446.98792
-510.99701
