1.556000 
1.556000 
1.556000 
1.552000 
1.550000 
1.550000 
1.549000 
1.559000 
1.553000 
1.554000 
1.552000 
1.549000 
1.557000 
1.557000 
1.558000 
1.557000 
1.558000 
1.557000 
1.550000 
1.550000 
1.540000 
1.556000 
1.525000 
1.542000 
1.549000 
1.546000 
1.553000 
1.549000 
1.557000 
1.556000 
1.547000 
1.503000 
1.559000 
1.389000 
1.559000 
1.513000 
1.503000 
1.530000 
1.518000 
1.509000 
1.551000 
1.561000 
1.560000 
1.555000 
1.562000 
1.562000 
1.553000 
1.571000 
1.558000 
1.664000 
1.677000 
1.561000 
1.551000 
1.552000 
1.598000 
1.548000 
1.692000 
1.599000 
1.556000 
1.553000 
1.554000 
1.555000 
1.558000 
1.560000 
1.461000 
1.358000 
1.302000 
1.153000 
1.064000 
0.322000 
0.123000 
0.039000 
-0.113000 
-0.016000 
-0.013000 
-0.014000 
-1.506593 
-0.927593 
-1.240593 
-1.415593 
-1.579593 
-1.581593 
-1.587593 
-1.587593 
-1.583593 
-1.581593 
-1.580593 
-1.583593 
-1.791593 
-1.591593 
-1.591593 
0.020593 
0.170000 
0.390000 
1.607000 
1.634000 
1.616000 
1.552000 
1.182000 
0.161000 
