0.000000 
0.252162 
0.472532 
0.633694 
0.716373 
0.712055 
0.624111 
0.467254 
0.265411 
0.048324 
-0.152671 
-0.309059 
-0.399161 
-0.411171 
-0.344793 
-0.211250 
-0.031657 
0.165998 
0.350856 
0.493595 
0.570634 
0.567529 
0.481093 
0.319930 
0.103318 
-0.141421 
-0.382678 
-0.588930 
-0.733108 
-0.796354 
-0.770634 
-0.659846 
-0.479264 
-0.253401 
-0.012589 
0.211250 
0.389040 
0.498574 
0.527569 
0.475310 
0.352671 
0.180501 
-0.013397 
-0.198254 
-0.344751 
-0.429213 
-0.437013 
-0.364695 
-0.220517 
-0.023337 
0.200000 
0.418412 
0.600940 
0.721098 
0.760619 
0.712055 
0.579865 
0.379850 
0.137003 
-0.117927 
-0.352671 
-0.537884 
-0.651176 
-0.680170 
-0.624154 
-0.494093 
-0.311017 
-0.103001 
0.098841 
0.264770 
0.370634 
0.401278 
0.352685 
0.232527 
0.059071 
-0.141421 
-0.338432 
-0.501526 
-0.604700 
-0.630103 
-0.570634 
-0.431021 
-0.227249 
0.015598 
0.266771 
0.494093 
0.668400 
0.767574 
0.779584 
0.704134 
0.552671 
0.346752 
0.115011 
-0.110851 
-0.300505 
-0.429213 
-0.481259 
-0.452098 
-0.348925 
-0.189588 
0.000000 
0.025865 
0.034786 
0.046142 
0.059612 
0.073837 
0.088213 
0.102550 
0.116799 
0.130950 
0.145000 
0.158950 
0.172800 
0.186550 
0.200200 
0.213750 
0.227200 
0.240550 
0.253800 
0.266950 
0.280000 
0.292950 
0.305800 
0.318550 
0.331200 
0.343750 
0.356200 
0.368550 
0.380800 
0.392950 
0.405000 
0.416950 
0.428800 
0.440550 
0.452200 
0.463750 
0.475200 
0.486550 
0.497800 
0.508950 
0.520000 
0.530950 
0.541800 
0.552550 
0.563200 
0.573750 
0.584200 
0.594550 
0.604800 
0.614950 
0.625000 
0.634950 
0.644800 
0.654550 
0.664200 
0.673750 
0.683200 
0.692550 
0.701800 
0.710950 
0.720000 
0.728950 
0.737800 
0.746550 
0.755200 
0.763750 
0.772200 
0.780550 
0.788800 
0.796950 
0.805000 
0.812950 
0.820800 
0.828550 
0.836200 
0.843750 
0.851200 
0.858550 
0.865800 
0.872950 
0.880000 
0.886950 
0.893800 
0.900550 
0.907200 
0.913750 
0.920200 
0.926550 
0.932800 
0.938950 
0.945000 
0.950950 
0.956800 
0.962550 
0.968200 
0.973750 
0.979200 
0.984550 
0.989800 
0.994950 
1.000000 
1.004950 
1.009800 
1.014550 
1.019200 
1.023750 
1.028200 
1.032550 
1.036800 
1.040950 
1.045000 
1.048950 
1.052800 
1.056550 
1.060200 
1.063750 
1.067200 
1.070550 
1.073800 
1.076950 
1.080000 
1.082950 
1.085800 
1.088550 
1.091200 
1.093750 
1.096200 
1.098550 
1.100800 
1.102950 
1.105000 
1.106950 
1.108800 
1.110550 
1.112200 
1.113750 
1.115200 
1.116550 
1.117800 
1.118950 
1.120000 
1.120950 
1.121800 
1.122550 
1.123200 
1.123750 
1.124200 
1.124550 
1.124800 
1.124950 
1.125000 
1.124950 
1.124800 
1.124550 
1.124200 
1.123750 
1.123200 
1.122550 
1.121800 
1.120950 
1.120000 
1.118950 
1.117800 
1.116550 
1.115200 
1.113750 
1.112200 
1.110550 
1.108800 
1.106950 
1.105000 
1.102950 
1.100800 
1.098550 
1.096200 
1.093750 
1.091200 
1.088550 
1.085800 
1.082950 
1.080000 
1.076950 
1.073800 
1.070550 
1.067200 
1.063750 
1.060200 
1.056550 
1.052800 
1.048950 
1.045000 
1.040950 
1.036800 
1.032550 
1.028200 
1.023750 
1.019200 
1.014550 
1.009800 
1.004950 
1.000000 
1.267021 
1.538835 
1.763500 
1.924713 
2.013639 
2.026970 
1.967734 
1.845366 
1.674905 
1.475528 
1.268651 
1.075808 
0.916521 
0.806383 
0.755528 
0.767653 
0.839672 
0.962051 
1.119781 
1.293893 
1.463369 
1.607268 
1.706837 
1.747427 
1.720000 
1.622094 
1.458147 
1.239143 
0.981615 
0.706107 
0.435234 
0.191538 
-0.004656 
-0.137174 
-0.195528 
-0.175904 
-0.081506 
0.077781 
0.286364 
0.524472 
0.770079 
1.001041 
1.197236 
1.342487 
1.426107 
1.443884 
1.398430 
1.298860 
1.159826 
1.000000 
0.840174 
0.701140 
0.601570 
0.556116 
0.573893 
0.657513 
0.802764 
0.998959 
1.229921 
1.475528 
1.713636 
1.922219 
2.081506 
2.175904 
2.195528 
2.137174 
2.004656 
1.808462 
1.564766 
1.293893 
1.018385 
0.760857 
0.541853 
0.377906 
0.280000 
0.252573 
0.293163 
0.392732 
0.536631 
0.706107 
0.880219 
1.037949 
1.160328 
1.232347 
1.244472 
1.193617 
1.083479 
0.924192 
0.731349 
0.524472 
0.325094 
0.154631 
0.032251 
-0.027034 
-0.013893 
0.074362 
0.233445 
0.452450 
0.714841 
1.000000 
1.000000 
1.236266 
1.358187 
1.312056 
1.132706 
0.923664 
0.800419 
0.827603 
0.984172 
1.175428 
1.285317 
1.240546 
1.051659 
0.808661 
0.633446 
0.614683 
0.760368 
0.993705 
1.194520 
1.263784 
1.176336 
0.993302 
0.827625 
0.781494 
0.889742 
1.100000 
1.300470 
1.380310 
1.289932 
1.068502 
0.823664 
0.674412 
0.687923 
0.844491 
1.049420 
1.185317 
1.176342 
1.029536 
0.830784 
0.697650 
0.714683 
0.886376 
1.133385 
1.334200 
1.389792 
1.276336 
1.057506 
0.849748 
0.759371 
0.825538 
1.000000 
