0.207014 
0.209851 
0.181208 
0.171653 
0.181705 
0.172807 
0.190741 
0.211296 
0.224245 
0.178329 
0.188124 
0.236155 
0.164951 
0.178653 
0.235505 
-0.214679 
-0.228902 
-0.166960 
-0.213553 
-0.199723 
0.101129 
0.078814 
0.097737 
0.113715 
0.146384 
0.108097 
0.126351 
0.100125 
0.099071 
0.101377 
0.088931 
0.140826 
0.123596 
0.073820 
0.154908 
0.490232 
0.486930 
0.490129 
0.437922 
0.479593 
0.527115 
0.500270 
0.484964 
0.522998 
0.509230 
0.531683 
0.495954 
0.452860 
0.499934 
0.511873 
0.465310 
0.497855 
0.522433 
0.479846 
0.508695 
0.527496 
0.467801 
0.487614 
0.483573 
0.478707 
0.010962 
-0.002735 
-0.028714 
-0.014728 
0.017514 
0.016501 
-0.004908 
-0.000429 
-0.031297 
0.067522 
0.000984 
-0.028053 
0.022827 
-0.008658 
0.009595 
0.005447 
0.013585 
-0.047531 
-0.019159 
-0.020376 
0.001531 
0.293699 
0.525102 
0.681263 
0.742235 
0.705537 
0.649890 
0.480041 
0.379341 
0.277955 
0.262811 
0.332809 
0.385366 
0.468756 
0.579484 
0.654766 
0.661042 
0.602152 
0.447239 
0.324697 
0.230005 
0.034666 
-0.021071 
0.089903 
0.144874 
0.234837 
0.257664 
0.266461 
0.187147 
0.036062 
-0.147246 
-0.442549 
-0.720253 
-0.898283 
-1.066005 
-1.056689 
-1.000685 
-0.865798 
-0.660276 
-0.498801 
-0.273483 
-0.220156 
-0.153204 
-0.138594 
-0.218984 
-0.327544 
-0.328430 
-0.365419 
-0.315641 
-0.151301 
0.013668 
0.143465 
0.338340 
0.371216 
0.380268 
0.337860 
0.252760 
0.165162 
0.138697 
0.154774 
0.302410 
0.476910 
0.643362 
0.849366 
1.015589 
1.068331 
1.039013 
0.891288 
0.679583 
0.397061 
0.189186 
-0.014964 
-0.183294 
-0.275885 
-0.202531 
-0.171417 
-0.104050 
-0.068012 
-0.070992 
-0.073923 
-0.196388 
-0.281557 
-0.446918 
-0.576869 
-0.641054 
-0.692549 
-0.639183 
-0.471667 
-0.391558 
-0.303628 
-0.307782 
-0.363111 
-0.351579 
-0.529464 
-0.622628 
-0.762694 
-0.729073 
-0.685037 
-0.538929 
-0.330600 
-0.019487 
0.004027 
0.430791 
0.727070 
1.007341 
1.110587 
1.140584 
1.132238 
1.135343 
1.066286 
0.961440 
0.890319 
0.788426 
0.687508 
0.606094 
0.491781 
0.406835 
0.322497 
0.254832 
0.158824 
0.186166 
0.094329 
0.034954 
0.079615 
0.035034 
0.015845 
-0.028395 
0.022704 
0.008837 
0.019723 
0.049084 
-0.001847 
0.002103 
0.036010 
-0.020869 
0.058211 
-0.028938 
-0.005099 
-0.016926 
0.039181 
0.049756 
0.074450 
0.113323 
0.121368 
0.211481 
0.236405 
0.251611 
0.293480 
0.264712 
0.280589 
0.107920 
0.011809 
