1.210390 
1.196319 
1.220463 
1.196808 
1.242331 
1.188921 
1.154403 
1.194621 
1.215694 
1.166116 
1.193115 
1.109431 
1.138252 
1.232129 
1.283518 
1.298811 
1.174163 
1.153303 
1.249669 
1.228325 
1.178831 
1.195467 
1.206334 
1.213713 
1.207756 
1.109925 
1.106937 
1.223281 
1.335728 
1.069883 
0.810899 
0.832068 
0.873876 
0.835889 
0.757475 
0.786609 
0.838923 
0.758523 
0.744875 
0.824496 
1.128094 
1.106730 
1.079880 
1.153104 
1.034598 
1.126695 
1.034316 
1.076536 
1.064504 
1.157124 
1.142143 
1.169464 
1.074183 
1.112341 
1.088815 
1.100949 
1.063071 
1.133097 
1.129332 
1.088362 
1.054756 
1.091060 
1.060873 
1.108490 
1.119986 
1.111188 
1.192722 
1.058980 
1.079009 
1.097430 
1.483618 
1.423064 
1.528301 
1.492651 
1.501253 
1.515607 
1.442877 
1.428094 
1.508115 
1.536445 
1.523818 
1.443536 
1.480327 
1.516663 
1.439690 
1.473842 
1.599348 
1.534609 
1.504942 
1.504004 
1.508864 
1.589937 
1.476601 
1.613341 
1.515991 
1.608938 
1.591531 
1.435637 
1.508105 
1.480444 
1.478316 
1.463418 
1.448976 
1.557626 
1.567682 
1.522041 
1.435709 
1.532439 
1.564017 
1.417913 
1.568775 
1.622630 
1.524114 
1.531527 
1.417915 
1.522216 
1.491992 
1.432231 
1.501912 
1.469977 
0.960172 
0.999046 
0.981021 
0.978645 
0.992781 
1.003053 
1.081510 
0.934150 
1.035553 
1.032732 
0.976144 
1.003030 
0.925256 
0.910003 
0.912890 
0.941246 
0.978402 
1.015438 
1.063501 
0.948366 
0.987070 
1.034861 
0.880023 
1.008509 
0.932991 
1.042337 
1.138705 
0.994810 
1.069293 
0.932721 
0.940239 
0.903786 
0.972389 
0.931418 
0.961007 
0.937867 
1.121152 
1.015221 
1.127718 
0.877102 
2.033573 
2.197720 
2.400180 
2.730023 
2.776977 
2.685865 
2.528355 
2.455126 
2.367250 
2.375140 
2.237826 
2.335867 
2.401006 
2.547126 
2.563580 
2.569325 
2.666769 
2.611304 
2.427533 
2.298573 
2.206109 
2.110996 
1.957043 
2.075846 
2.242717 
2.201664 
2.254983 
2.329652 
2.255326 
2.042878 
1.724603 
1.643024 
1.305016 
1.160763 
0.944728 
0.908245 
1.052961 
1.190580 
1.298591 
1.589880 
1.654354 
1.816896 
1.819301 
1.885941 
1.824583 
1.671698 
1.694699 
1.719708 
1.777212 
1.863591 
2.013422 
2.169934 
2.209197 
2.403149 
2.368201 
2.434183 
2.298041 
2.219186 
2.172854 
2.233774 
2.196058 
2.419737 
2.552670 
2.867620 
2.998144 
3.064559 
3.035299 
2.893602 
2.631112 
2.422415 
2.234814 
1.887331 
1.748790 
1.743399 
1.740604 
1.759946 
1.737557 
2.013059 
1.985749 
1.895823 
1.750757 
1.661888 
1.548166 
1.312219 
1.347874 
1.350136 
1.423424 
1.453924 
1.616908 
1.734602 
1.756574 
1.706401 
1.611518 
1.434031 
1.478695 
1.323313 
1.199840 
1.300648 
1.505283 
1.693641 
2.109289 
2.119306 
2.067612 
2.209187 
2.200161 
2.309616 
2.397130 
2.391685 
2.437883 
2.452722 
2.553000 
2.615309 
2.597268 
2.617414 
2.679987 
2.770183 
2.710084 
2.652098 
2.784078 
2.731079 
2.672101 
2.706373 
2.759397 
2.746770 
2.632739 
2.608827 
2.667159 
2.681285 
2.572643 
2.602192 
2.527649 
2.537673 
2.432752 
2.457282 
2.496191 
2.380878 
2.383405 
2.293954 
2.329587 
2.306840 
2.281491 
2.365611 
2.200262 
2.244553 
2.232207 
2.171546 
2.187835 
2.146727 
2.147805 
2.116379 
2.096154 
2.097090 
2.025741 
2.053621 
2.078864 
1.991115 
1.925483 
1.965733 
2.069227 
1.905165 
2.046319 
1.889927 
2.028147 
1.926536 
1.982931 
2.046943 
1.971726 
1.947716 
2.002837 
2.039361 
1.992450 
2.120272 
2.120603 
2.024008 
2.094233 
2.071483 
2.065724 
2.179708 
2.108857 
2.158761 
2.172809 
2.204358 
2.123515 
2.226857 
2.226142 
2.295909 
2.222771 
2.264103 
2.347842 
2.283877 
2.240882 
2.306591 
2.285244 
2.211399 
2.131224 
2.194116 
2.252207 
2.169583 
2.072720 
2.075963 
1.991307 
2.004545 
