0.200000 
0.200000 
0.200000 
0.200000 
0.200000 
0.200000 
0.200000 
0.200000 
0.200000 
0.200000 
0.200000 
0.200000 
0.200000 
0.200000 
0.200000 
-0.200000 
-0.200000 
-0.200000 
-0.200000 
-0.200000 
0.100000 
0.100000 
0.100000 
0.100000 
0.100000 
0.100000 
0.100000 
0.100000 
0.100000 
0.100000 
0.100000 
0.100000 
0.100000 
0.100000 
0.100000 
0.500000 
0.500000 
0.500000 
0.500000 
0.500000 
0.500000 
0.500000 
0.500000 
0.500000 
0.500000 
0.500000 
0.500000 
0.500000 
0.500000 
0.500000 
0.500000 
0.500000 
0.500000 
0.500000 
0.500000 
0.500000 
0.500000 
0.500000 
0.500000 
0.500000 
0.000000 
0.000000 
0.000000 
0.000000 
0.000000 
0.000000 
0.000000 
0.000000 
0.000000 
0.000000 
0.000000 
0.000000 
0.000000 
0.000000 
0.000000 
0.000000 
0.000000 
0.000000 
0.000000 
0.000000 
0.000000 
0.281529 
0.520069 
0.682086 
0.750712 
0.729007 
0.638540 
0.513674 
0.393000 
0.310013 
0.285317 
0.322205 
0.406652 
0.511620 
0.604525 
0.655951 
0.647371 
0.575947 
0.455188 
0.311325 
0.176336 
0.079407 
0.039024 
0.057719 
0.120885 
0.200000 
0.259537 
0.265888 
0.196090 
0.044199 
-0.176336 
-0.434932 
-0.690302 
-0.899554 
-1.027794 
-1.055951 
-0.984948 
-0.835226 
-0.641766 
-0.445812 
-0.285317 
-0.186407 
-0.157886 
-0.190067 
-0.258117 
-0.329007 
-0.370289 
-0.358479 
-0.284955 
-0.157923 
-0.000000 
0.157923 
0.284955 
0.358479 
0.370289 
0.329007 
0.258117 
0.190067 
0.157886 
0.186407 
0.285317 
0.445812 
0.641766 
0.835226 
0.984948 
1.055951 
1.027794 
0.899554 
0.690302 
0.434932 
0.176336 
-0.044199 
-0.196090 
-0.265888 
-0.259537 
-0.200000 
-0.120885 
-0.057719 
-0.039024 
-0.079407 
-0.176336 
-0.311325 
-0.455188 
-0.575947 
-0.647371 
-0.655951 
-0.604525 
-0.511620 
-0.406652 
-0.322205 
-0.285317 
-0.310013 
-0.393000 
-0.513674 
-0.638540 
-0.729007 
-0.750712 
-0.682086 
-0.520069 
-0.281529 
-0.000000 
0.000000 
0.422575 
0.731016 
0.943143 
1.075146 
1.141628 
1.155660 
1.128838 
1.071347 
0.992028 
0.898451 
0.796994 
0.692917 
0.590453 
0.492887 
0.402651 
0.321410 
0.250151 
0.189281 
0.138713 
0.097955 
0.066204 
0.042427 
0.025442 
0.014003 
0.006863 
0.002848 
0.000910 
0.000181 
0.000011 
0.000000 
0.000011 
0.000179 
0.000895 
0.002783 
0.006650 
0.013425 
0.024071 
0.039474 
0.060317 
0.086911 
0.119012 
0.155603 
0.194640 
0.232770 
0.265007 
0.284371 
0.281489 
0.244145 
0.156789 
-0.000000 
